
  new_run: xlims=(-56., 8.), ylims=(-32., 32.), zlims=(-32., 32.), d=0.125
time, dB_kam_0, dB_kam_1, dB_kam_2
2006   12   14    7    0    0   -0.50202612  1.61820826 -5.28746307
2006   12   14   12   48    0    1.8961931  -1.93830741 -9.49658645
2006   12   14   14   23    0    2.39816085 -1.18427719 -6.78087977
2006   12   14   15   47    0    12.02260431   1.37281205 -22.98514187
2006   12   14   17   23    0    19.05536351  -3.59561128 -52.38570428
2006   12   14   18   55    0    17.05817728   2.01346331 -71.97741779
2006   12   14   20   32    0    21.94856327  -2.4829349  -79.37803129
2006   12   14   21   44    0    16.76333197 -11.06173572 -69.48913876
2006   12   14   22   48    0    24.32230681 -10.35917454 -96.90346008
2006   12   14   23   49    0    57.6211017    2.26245717 -95.24934805
2006   12   15    0   47    0     73.79885023   -1.25400709 -118.4459278 
2006   12   15    1   37    0     75.72619697    1.94995197 -108.33917112
2006   12   15    2   27    0     80.79850937    1.79626135 -120.49286208
2006   12   15    3   17    0     87.95883844    5.41308966 -126.48828691
2006   12   15    4    7    0     76.93527935   -4.09887299 -124.60411109
2006   12   15    4   57    0     89.1258781    -5.95674724 -127.62126251
2006   12   15    5   49    0     82.88549805    0.58287565 -122.25463386
2006   12   15    6   39    0     83.7206174     1.76847829 -121.43508707
2006   12   15    7   29    0     77.48296964   -0.38771534 -120.29438208
2006   12   15    8   19    0     69.26555185   -0.9803107  -116.77089366
2006   12   15    9    9    0     63.97996711   -0.8304783  -121.59410551
2006   12   15    9   59    0     59.73518415   -1.17772989 -117.46291389
2006   12   15   10   49    0     53.88546624   -2.65636899 -108.5339007 
2006   12   15   11   39    0    39.09397406  -2.06081772 -99.84447022
2006   12   15   12   59    0     29.9790616     3.52929993 -106.78751199
2006   12   15   15   16    0     24.30840005   -2.7203012  -110.89867335
2006   12   15   17    8    0    22.25030293  -1.52538909 -95.93942015
2006   12   15   18   32    0    25.13679189  -1.29939276 -92.93294846
2006   12   15   19   46    0    26.55116937   1.37877412 -85.99120277
2006   12   15   21   44    0    30.07981495   0.43568127 -79.26008077
2006   12   15   23   13    0    35.29634812  -1.60605235 -77.14100511
