17.7349550599
17.7190573239
17.8857239906
18.0523906573
17.9646854856
18.2190573239
18.1313521523
18.3857239906
18.298018819
18.5523906573
18.7190573239
18.8857239906
21.187773445
20.1461182102
20.5595302189
20.3127848769
20.7261968856
20.4794515436
0.416011111651
0.359258924982
0.534780981135
0.525925591649
0.701447647802
0.76531280476
0.868114314469
0.979893085253
1.35215141675
0.785689304192
0.952355970859
23.8626403811
0.768954782433
0.784862011486
0.0293070477515
0.9356214491
0.951528678153
23.7985454851
0.195973714418
0.641112847702
1.10228811577
1.11819534482
23.9652121518
0.998584305114
1.22123540728
0.59289530422
1.006245083
1.02214478732
1.16525097178
20.1319873163
1.1411128477
1.20471133613
